4 0.328906 0.731944 0.037500 0.038889
5 0.074609 0.615972 0.019531 0.034722
5 0.456641 0.700694 0.013281 0.034722
5 0.580859 0.715972 0.017969 0.034722
5 0.709375 0.708333 0.018750 0.036111
5 0.707031 0.758333 0.018750 0.036111
5 0.707812 0.853472 0.017188 0.023611
5 0.707422 0.881944 0.017969 0.030556
5 0.581250 0.806944 0.017188 0.033333
5 0.582031 0.872222 0.018750 0.033333
5 0.454297 0.772917 0.017969 0.034722
5 0.456641 0.825000 0.017969 0.027778
5 0.455859 0.861806 0.016406 0.031944
5 0.208203 0.615972 0.017969 0.031944
7 0.194922 0.596528 0.016406 0.087500
0 0.983594 0.730556 0.032813 0.113889
