9 0.272266 0.636111 0.542969 0.394444
11 0.428125 0.557639 0.018750 0.034722
11 0.302734 0.540972 0.016406 0.023611
11 0.305078 0.650000 0.017969 0.036111
11 0.305469 0.708333 0.020313 0.033333
11 0.429688 0.697222 0.017188 0.030556
11 0.428906 0.726389 0.018750 0.019444
11 0.557031 0.702083 0.015625 0.020833
11 0.558594 0.671528 0.014063 0.031944
11 0.556641 0.634722 0.019531 0.033333
11 0.554688 0.595833 0.014063 0.027778
11 0.056641 0.458333 0.021094 0.036111
11 0.304688 0.622917 0.018750 0.018056
1 0.837500 0.565278 0.043750 0.113889
10 0.178906 0.564583 0.039062 0.037500
