2 0.702344 0.423611 0.092188 0.138889
2 0.529687 0.423611 0.098437 0.136111
2 0.312500 0.424306 0.101562 0.129167
2 0.956250 0.674306 0.087500 0.131944
2 0.821094 0.722222 0.087500 0.133333
2 0.538672 0.755556 0.089844 0.136111
2 0.364844 0.683333 0.092188 0.133333
2 0.101562 0.424306 0.095312 0.131944
2 0.143359 0.675000 0.096094 0.130556
2 0.037109 0.674306 0.072656 0.131944
0 0.025391 0.238194 0.005469 0.018056
3 0.400391 0.235417 0.005469 0.384722
3 0.716797 0.188194 0.008594 0.293056
3 0.774219 0.588194 0.007812 0.187500
3 0.214453 0.617361 0.007031 0.251389
14 0.179297 0.486806 0.017969 0.079167
