0 0.066016 0.261111 0.005469 0.016667
2 0.525391 0.314583 0.114844 0.195833
2 0.695703 0.315278 0.117969 0.191667
2 0.948047 0.564583 0.103906 0.201389
2 0.748047 0.645139 0.107031 0.201389
2 0.315625 0.616667 0.054688 0.091667
2 0.454688 0.697917 0.120313 0.090278
2 0.140234 0.620833 0.116406 0.094444
2 0.021875 0.619444 0.042188 0.091667
2 0.098437 0.367361 0.115625 0.090278
2 0.281250 0.370833 0.104688 0.091667
3 0.400781 0.197917 0.007812 0.306944
3 0.717187 0.151389 0.007812 0.213889
3 0.773438 0.507639 0.009375 0.184722
3 0.215234 0.540278 0.008594 0.250000
4 0.596875 0.618056 0.054688 0.291667
