4 0.328906 0.731944 0.037500 0.038889
0 0.982031 0.731944 0.035937 0.111111
5 0.075781 0.625694 0.020313 0.034722
5 0.075000 0.586806 0.015625 0.018056
5 0.207031 0.621528 0.020313 0.031944
5 0.455859 0.788194 0.017969 0.034722
5 0.456641 0.859722 0.019531 0.022222
5 0.457031 0.883333 0.018750 0.016667
5 0.581641 0.862500 0.019531 0.033333
5 0.708594 0.856944 0.017188 0.019444
5 0.706641 0.883333 0.021094 0.027778
5 0.709766 0.741667 0.017969 0.030556
5 0.708594 0.704167 0.020313 0.025000
7 0.069141 0.595139 0.017969 0.093056
