11 0.320312 0.546528 0.017188 0.040278
11 0.456641 0.693750 0.021094 0.029167
11 0.578906 0.659028 0.025000 0.020833
11 0.705859 0.660417 0.027344 0.026389
11 0.205859 0.512500 0.019531 0.022222
11 0.074609 0.574306 0.016406 0.031944
1 0.982422 0.693056 0.035156 0.111111
14 0.147656 0.556944 0.026562 0.080556
11 0.207031 0.541667 0.018750 0.030556
11 0.207422 0.577778 0.016406 0.022222
11 0.321484 0.651389 0.019531 0.033333
11 0.321875 0.702778 0.015625 0.033333
11 0.456641 0.820833 0.017969 0.025000
11 0.455859 0.846528 0.024219 0.020833
11 0.580859 0.731250 0.017969 0.023611
11 0.579297 0.799306 0.025781 0.015278
11 0.580859 0.826389 0.016406 0.030556
11 0.708203 0.818056 0.017969 0.030556
11 0.709375 0.706250 0.017188 0.037500
11 0.708203 0.784028 0.022656 0.026389
